-1.59305034767979
-2.1638622221706
0.379845009977272
-1.1718633822668
-1.01824158714636
-0.445453118052287
1.91759527717632
1.81564957037013
1.25411077975079
-0.218215897033916
1.47472005744964
3.62415486312296
4.20504536676919
2.93962595902801
2.98939133197911
2.63786537607225
1.1570910944911
1.48499340123153
4.5099545138991
2.06809836780842
1.8285054951446
1.28495838082502
1.00510180162145
-0.548463230122235
-0.856562231866704
0.303257157850682
-0.145386686561229
-1.10015347680261
-1.2662430772212
1.12644087594403
-1.72792929072976
1.52627464194592
-1.69702858550015
-0.73252584952152
-2.35411106631742
-3.7110692281599
-3.46252954990641
-3.21385544268629
-0.917080318201572
-1.90833281660806
-4.88969844358859
-4.7949582497794
-3.25097381498704
-0.720805556596918
-0.235637956309244
0.913228817408983
0.882828244211562
2.16084332418661
1.36983173999513
0.734030147173117
0.230115032225016
-1.03822937603187
3.17564112002425
0.238678168393917
-0.502621609902913
0.494204966805541
2.42078311108178
2.29212749291695
2.14998764947184
2.26690630550208
0.693129552796761
4.98289892262324
3.82241106676034
3.86015474867124
3.62150156856443
1.90728682338105
2.22354648264052
2.32791684564197
4.95687302253105
1.69497427484278
0.155535816354188
-0.290714181651801
2.14647088612971
1.00617334086158
-0.227877654568443
1.45423321100672
0.767849798570684
-0.0851145446929121
-0.769989300899868
1.54972568216881
0.678125125812876
-0.995327273517964
-1.30822591221547
0.386068801317322
-1.01857422399133
-1.35505913447736
-3.30205954384485
-1.45511020056427
-4.63406192742806
-2.73608451407677
-2.17320079759958
-1.12038580404732
-3.70409095799407
-0.492039772967494
-1.31812888312543
1.81768139527441
1.76246806956224
3.01123114206321
2.07444579097318
1.1126858757129
4.14201089321115
2.39315359823783
2.67018666674736
1.4709388780983
3.13995281043281
2.48178288173681
2.346914357597
4.77164273616345
4.40404211998509
3.71609265403479
2.31307357946345
5.72918227363256
5.58535192512855
5.90218434661271
4.57460964560903
1.56333540150229
0.816259843761897
0.472006283313487
1.67495624080797
2.10543618242851
-0.336655805018115
-1.24711518546922
1.92685075261626
1.5822939380958
-0.69284267154374
0.524610135104896
1.10384289501777
0.901576835911243
0.289941226653559
-1.27386434145937
-1.17703842816487
-1.34286059445773
-0.0609467822360923
0.307004904507768
0.890395427935498
0.934662495073704
-0.502480289026499
-1.20613034189399
-3.159792031467
-3.99497632357942
-2.4369027201152
-0.961863025603398
-1.82079011886679
-3.15540648121316
-1.6545468247511
-0.544881521343998
4.5676578467217
5.52177739314066
3.60731994473919
1.55182100666238
4.11998352004068
2.79542663264698
1.9245922970465
3.92307749337293
2.22306374905525
1.61799628098191
2.06640335793813
3.04351641612225
4.4639501880346
4.18244200009853
4.2742151737112
4.75720841109065
4.08610225646213
4.93091736916628
3.8816161778294
1.93300787278141
1.89508379002148
0.452528640157836
2.02515528303416
-0.763193986876922
0.333805222503309
1.52773203080893
0.919649799071144
1.39659440319109
1.09511943895625
1.10411994475059
-0.377405872984656
0.54364108446382
-0.675793360805068
-2.14767620293319
0.218139332812299
0.386346342938989
-0.782359756222851
-0.282002832348391
0.0529065537186078
1.0543966952052
0.186067739271003
-2.19387645817202
-0.947900106122915
-0.278740826050938
-2.55063901428825
-1.40035262861405
-1.37942540764778
-1.45296799023949
-0.231194412108289
-0.0380566730347987
2.49177311102218
3.08301567289028
2.91197941506383
1.68725547033245
5.24628690176065
2.47341118231831
4.58872572590402
4.93628667098415
2.59280620085915
1.10256927289421
1.77279152820873
0.426966257584675
4.78863397883685
3.02718208165113
2.22658437933298
3.34743007380934
2.61475740067562
2.82290956942826
3.37682932191489
3.01619259959514
0.571536012262678
1.2077317171654
-0.299564089939525
-1.32540241511884
0.780873874717941
1.01367086689265
2.09128081362087
-0.461931122720326
4.52514964953138
2.0448568487378
1.85778236634555
-0.774017479914852
-0.506253259003596
-2.59223276264844
-2.85739164030777
-1.45333582700497
-0.804182523891685
0.754877204978982
1.76320160009059
-0.598284724260389
-0.359614900613097
-1.23429965928518
-1.57665297834569
-1.89488286731071
-3.12292071006665
-0.880796123304769
0.722042539961345
0.537067894052686
0.297474588338368
-2.65902487047131
2.13501527016371
0.894332159384696
0.305675071541353
0.0709295553349971
6.91811116410647
4.28726960578718
3.54347328690674
1.94570349869631
2.99846663361137
0.39316984546425
2.06770948150854
2.23818506618857
2.34405260346254
3.94642594685931
3.42485216478375
3.45186224015539
3.14852904375589
1.66304677741557
1.65177340421211
-0.0622750122131721
0.562820702318911
0.79728663385687
0.673693867934176
-1.23212839464084
-1.14756485933241
0.0421771860336695
1.01502026426004
1.40995947707487
2.29030380176172
3.09124989241406
0.337120234819743
-0.281096437118581
-0.842921678779547
-1.5831867565548
-1.92711217505603
-0.0596353203503188
-0.502022940730787
-1.58486173160778
0.090845945026662
0.315821762989486
-0.760206420028564
-2.07952964868393
-1.38958012604994
-1.43553195686212
-2.05978822224647
-0.186660487034122
0.413440413491782
0.826564430827858
1.39079198718325
-0.39415236541507
1.3098929443594
-1.73723420131427
1.14110558558694
1.29074729392478
4.4438248338708
3.77227289063765
5.54546166142029
2.68448528208475
2.34194169416116
4.13391711511037
4.05099712502931
4.61674258611067
3.42106224479923
4.63225746690502
3.61473710521322
2.08137894575475
3.23782252001956
-1.30983545930128
0.430882989579923
-0.941641454421015
1.01782872591894
-1.78830223619916
-2.59684423510211
-2.70102068658565
-1.62385447447915
-0.442915143599127
-0.82033543281593
0.755884824283036
0.229963044261874
0.0869664647240502
1.58305901985194
1.25623075503789
-1.14436574633693
-1.10699063319894
-1.50017029323759
0.865319625370596
-1.55275651545281
-0.490826444809795
1.12046641814634
-0.659127799345317
-1.64016774764737
-2.91366828954165
-2.1871922144711
-2.28758082027702
-1.39895629022568
-0.268660692554467
-0.551849531191071
-0.0432610212286547
0.691903767258646
0.930499500015865
0.400267045322311
2.34559723999645
0.902299591092704
0.989952222533058
2.74603728453687
2.55823999574821
2.51860993087296
0.853500772361444
1.36944945110989
3.18114951120609
3.25943435093874
2.94778805795718
6.680488191737
5.9722190998463
4.45535917301855
3.90373102289478
0.953648860910526
0.96987963898821
-0.646392816655159
0.997519741787962
-0.000359179340036261
-2.55937892747349
-3.66734535349599
-3.16794816363147
-2.09738524986657
-1.52747962482878
-1.20912967671199
-2.25044839699217
-1.39724426534899
-1.34397113711423
1.86823126397113
0.989493626425578
-1.01753746551865
-0.631223407018122
1.18247209476432
-1.63031344487206
-1.09002125654322
1.12292539131903
-0.254931041966539
-1.23402483839077
1.72618393957468
-0.852773035100535
-1.72497689986208
-0.940247211401578
1.52601930497236
1.13261304996598
0.605601409451437
1.12769278902695
0.408690988671011
-2.38685182972753
0.523397807557504
-0.916002930522874
0.920954116507112
1.32745674839846
2.95215302235687
1.94194301892032
1.55187258419626
1.72505785757483
3.01341110406346
5.95234936122728
5.2409764581363
2.98884715731619
3.99041504162736
4.72615331453224
3.04141127572648
1.9392417654662
1.05105330723145
1.78545713419574
-0.375896345752055
-1.14318457451213
-2.23373602160348
-3.26807617306481
-4.85015013404462
-3.28775155490979
-3.14508355044021
-2.60820950121428
-1.64392067214706
-1.17620122539194
-0.315771107754376
0.746507866621997
-1.20906772616845
-0.083979541721986
-0.7786094188287
0.188149705470405
0.590795621618712
0.0682834916352848
2.01474964381524
3.25412790944996
2.35500274055598
0.0775031588913519
-0.173133049269104
-1.46366390683522
-2.42420632404474
-1.58370720165845
-1.18963338322434
1.50117934443695
1.27918304303982
0.646226334669213
-1.44399571942038
-1.00044752380556
0.0257539451683133
-0.886440927275996
0.198548765791664
1.55885158306106
2.15953045517299
1.42953122527983
2.13335634823058
0.912125443385913
2.00259499460103
4.87108227154638
3.84970641584879
1.69804899392991
2.97211053717971
3.98896981980107
3.02329024684914
2.34228844352622
0.540307867048714
2.02170628895664
-1.58466041292721
-1.1905174660037
-1.2247558793599
-1.26193002215174
-3.04007699371352
-3.98367174978637
-4.55489172012567
-1.80408450788346
-0.0565315131816469
0.888877200929813
-0.324685723855326
-2.26200959440916
-0.515775605394558
0.571158073765907
0.0813132398117004
-0.290930709415398
1.20398668407055
-0.645468648092766
0.0167299286369617
1.16365749473542
2.08117515781176
1.95750510373849
0.570659269962633
-2.45506179978378
-1.56091442256364
-1.94962838921939
-1.82321416583899
-1.5222523048979
2.13982919361267
1.45379224336455
-0.779753370240134
-0.203321647117194
1.29221616904927
1.85367697273665
1.59397080451225
1.10399386488735
2.97013416354912
3.36518311359026
1.99722066339351
2.52520479471776
2.32151637179458
2.12728786825713
3.48490016971151
-1.00827687840964
3.03852510873763
2.23565450174505
1.91767319065404
1.48158055721045
2.80962113054033
1.47272160495857
2.26322246180246
-1.06928323251243
-0.309488278014796
-1.55981614070913
-1.98094774283161
-4.11111748019711
-2.65264482848943
-0.845330602866968
0.636382688625625
0.758518683463181
2.44879457632307
0.850066396569534
-1.48755707869061
0.0964949458337742
-0.837642794809244
-0.975829452294162
-0.953638759342326
-0.750530617829092
-1.6418053667662
0.880276505720758
1.37431744809961
0.945217193038636
0.858560870776042
-2.08476580532632
-1.08560149343936
-1.56047576258318
-0.104213019764413
-0.0901591200178469
0.784111992139205
1.1476720813079
1.36356601151382
-1.07220444909662
-1.12273567691918
0.720423218468154
1.3375300485635
-1.86411912957295
2.7648811427146
3.39721064126601
1.83380137322117
2.71357174961733
1.79443709354482
1.91836456474258
1.05282751012465
2.68204463824196
2.89415869856254
3.40281724742233
3.8383286576422
3.10174212656326
3.26632940236239
0.620297640145537
-0.6081853092093
0.600702607821294
-1.05655977769272
-1.90817323404037
-0.693739233146894
-3.21738403290682
-1.58639038523751
-0.753799168535282
0.803499186613041
1.17899392979298
1.18651223253427
1.50999214044519
-0.876224186688207
0.800496414364195
0.233805505281543
0.435732258967107
1.08387871017666
0.956400764830045
-0.689034127752156
-0.04018710055723
-0.85783080778702
-0.526608279561146
-0.968206433291743
-1.8727816572174
-1.67079162605723
-3.24479704051145
-0.428181552004322
1.68448571651914
-0.11355377508145
-0.803753892783323
0.725905185450244
-0.967193421444688
0.400164326869164
-0.497267132828486
-0.105281041109627
-1.68910303761386
0.858073988226271
0.824739143856802
0.874757046184111
1.60468806083475
2.01769857271622
3.82061833074382
3.12465089673133
3.85564984498741
3.68198592008376
3.60421476790172
3.49162403487964
2.78612264272421
2.88640804749211
0.619349876232662
-0.642727469149673
-1.64697077041392
-0.11178275960338
-1.26857247695526
0.0761661351853455
-0.863110339130281
-2.10437674288854
-1.15793015127341
0.749173523835983
0.707038015006349
0.48889375249678
1.33999565097802
2.10456358972273
1.22674893359547
1.1864600534404
-0.194085419638981
0.776130187026275
-0.718579519116987
-0.187718650626299
-2.39047290787303
-3.22251902939193
-1.32380389664144
-1.53251378842859
0.359112018141363
-2.95469614738401
-3.65650167148121
-1.853247926108
-0.0851022154749205
-2.0155453390412
0.0853689075937934
0.657667193545556
1.30861977946736
-1.98720692569779
-0.0778750534734804
0.707342088681991
-3.51228575212669
1.69788643951755
0.850000596185951
-0.903390877312755
0.882998746687439
1.12314143804591
3.78244671580812
3.89613866382799
3.14049103272921
3.80328496543857
2.71794314187878
2.03249252800915
4.60341999254331
2.26949390956717
0.331426139917266
0.289974202974281
-2.15935419091051
-2.20053527629489
-0.116794871167795
-1.00859626653259
-0.294292525994695
-0.165715775139247
-0.500196991339876
0.664790848376811
1.84571038629326
0.446710465964621
2.46625577777461
2.6006823567778
0.488937497305798
0.471482382332804
-0.988210320115149
-1.54662168495983
-0.0272280675852189
-0.729236740411702
-1.62830361452877
-1.44584488435415
-0.76218940327954
-1.65705756634643
-2.16234802346037
-2.4759703984738
-4.4162571738733
-2.76184844410964
-2.47459968014922
-1.38842244512203
0.402356832823696
1.32118497256558
2.70027668866373
0.225718464820669
-0.208545392760862
-0.46446998781323
-1.2898209176462
1.45504503831575
2.65238697987795
-0.822607525002212
1.27409085367534
3.5468560638514
5.72994176116224
4.00105310016574
2.51382826410512
5.22664095339584
3.01088189026422
2.65109097308479
1.9460675284079
2.9493635331565
0.774491790380418
2.40670320129305
0.597004417706427
-0.438160193375088
0.634477171937276
-0.667776118959285
-1.53378616725837
-1.86556668786094
-0.106136220595761
0.852354990230255
-0.69132822432101
2.14214404647262
2.90955184506096
2.0959381104116
0.762284171064424
0.172325442979093
-0.126213246657434
-0.776025236637826
0.240734998497819
-0.956977242042082
-2.29678992625744
-1.82751527564681
-3.14314662462072
-2.96266887098199
-2.88956314677741
-4.00185393363825
-4.90969435449274
-3.93213508193279
-0.449233779117064
-3.31183443459095
-2.52172658466415
-0.350244613996108
0.544970652095975
1.46565235849077
-0.896164475059388
0.254371652986175
0.82200898361495
4.85399039803533
2.81343028648054
1.0240513402494
3.69510531459929
4.80572720652795
5.9846709383342
6.10599431045865
3.00988854705219
2.51247984505157
1.55408126247223
0.82903923467973
2.35533777970248
0.865989355893053
-0.0626790989067665
0.973943892373047
-0.323070912896779
1.98383207320544
-1.36233986479221
1.56970997714181
-0.175998333603385
0.235914341743418
-0.42699251837149
-1.40146779326556
0.396241412104367
1.22031197075632
2.6142411234667
1.84920413805841
1.47024736389636
2.35852984569039
1.67185211492324
0.256286453328144
-0.131834494958786
-0.136714796895125
0.273601198519976
-2.5118458144178
-1.39518403157528
-2.37739355518683
-3.58659476882043
-1.24200569351229
-3.21913288346113
-2.47872243109872
-1.5171635523362
-2.37166504400092
0.230437296064055
-0.00822149801543813
0.395044403296929
0.772715815373473
0.0532836960746927
2.00451618564457
-0.349746689160447
3.25335096787717
3.19270192127118
3.12138625814785
1.30664980072515
1.86353880659651
3.40682127897521
3.03199382482233
1.88229082630711
1.38473296319147
-0.115100948447709
2.45636338916449
1.77371412233106
-0.560635274378416
1.58321028381527
-1.07965946787496
-1.12573552033775
0.652792805300562
1.47683944822196
0.353243866567994
-0.557990645090628
-1.08208998531208
-0.215210947268533
-0.355430427188276
-0.305423962960771
0.961303908776175
-0.549376091169048
0.850638605937848
3.10758287409431
3.19820045539304
0.959862397785386
0.449485536271627
1.08146260744289
2.10113422065949
2.47380495165895
0.42192961246758
0.271474456651158
-3.85663429979104
-2.00958936707857
-0.757627739642042
-4.08450359739553
-3.73780566801482
-2.1637539195412
-1.780561493281
0.355283511412753
-1.28728825695378
2.32005643348264
3.19900863039615
0.142170971531219
1.73555141973783
0.315376744039613
1.91323889446669
5.80209600596057
2.35012752295967
2.95540205543533
3.40575760015232
3.84324573646179
4.4730467356775
4.0996918118722
2.73973104827031
2.17900861003423
1.81434844236771
0.600374011877575
-0.421076164317466
-0.184559072300428
1.02926129874419
1.29953760366449
2.15848417659496
2.01128965165358
1.27969425160303
1.08117365123187
2.01228112042122
2.58475765507272
1.83724832900774
1.10163133283335
1.07895705750625
1.22198714658263
1.71805288656127
2.23509288657899
2.26410382177131
2.02433542714169
2.63805054812181
3.07967533351867
3.22587456232806
3.87228495745223
4.73361193707997
-1.1550724416504
-0.895012613651968
-0.177832426129032
-1.37689386138075
-0.518258874394347
-2.08283183430588
-1.30962544223905
-1.87580297725794
-0.925532314974126
-1.60720183652739
0.971212209068894
-0.655090603632406
-0.0764684199441635
3.01306140538939
2.10919482532979
1.39352206927252
1.70461430152908
3.3660309154505
3.54196717648092
2.76428557090211
4.40836941892527
4.89326371347374
3.50449363946975
2.08268937480482
2.23514885050553
3.45585440413141
1.56943785243485
-0.240017052368108
-2.49359850941553
-0.40063325901945
-0.633166940796449
2.07421446196613
0.487203646735093
0.727000153997892
-0.105842504790581
-0.602384071875022
1.52951897408899
1.16490635326433
-0.0850345274914659
2.56600759989317
2.84607846939043
1.78626069641734
2.62799472982429
4.06156604716903
3.93654585004048
2.10138635111781
2.93700455810847
0.746777236145323
2.39277873681515
3.85675571878596
-0.0612896132154181
-1.39026645985464
-0.246378876304963
-2.02069060121903
-2.87649808028408
-2.97671916066639
-2.14015139249932
-2.24127451081408
-0.00892209606003162
-0.0963987733473679
-0.823459565735137
0.988550339974927
1.81723791384396
2.891398890428
3.78071235322331
0.21203399236544
-0.457159234350726
1.6456799711954
1.85807714632608
4.0360125395254
2.8865848141707
3.49631892869825
3.06866540955409
1.97577876697044
1.94789431142116
1.06588077495367
-0.120108473903652
-1.16118311379267
-1.09490279003178
-0.654477614612789
-0.0746325580390678
0.186282820833146
0.997827534381938
2.26711353758849
-1.85418735771269
-2.88389478001594
0.319817576945841
1.77150608418021
0.234584816122717
4.1972330202743
2.286017576077
1.60105546057562
2.54512630965628
4.20183977615882
4.04217390936134
2.10442345955908
0.123689734277527
1.07407111451262
2.28516170815942
0.240358359516462
-1.72950791881485
-2.36601537275851
-2.12614403156275
-1.86469611357331
-2.48232370700938
-2.97518198747105
-3.89993743409447
-2.00769128080208
-3.47230758768546
-0.946841300507441
-0.478950055500097
1.13340813110146
3.09872749417706
1.2881241424938
1.45916003690282
-0.00857256768423448
1.41133278160073
1.72152562522336
1.9875327499992
2.96106130924457
3.32415073424546
2.67850518300278
2.39477934916733
1.16884054325816
0.499422915080642
0.263784187921828
-0.286679036667285
-0.771350483085149
-0.905126810026604
1.67345891281659
1.2312936854439
1.5787474883399
-0.334943588300604
-0.568960901714352
-0.281919585525268
-2.13946621624422
-2.03711719641896
-1.03235875067406
1.5348561849432
1.25099616881501
1.19743765003417
1.18527065203701
-0.0333273027941684
2.72778814265085
2.76310435954916
1.42717297610826
-0.588154554401904
0.697941013752862
-0.104166037995686
-0.595308927206718
-2.43614875995873
-2.64639724635892
-2.22608554394703
-1.82388253658221
-2.83919829347166
-3.53668807530138
-3.49020087351428
-2.47382944524169
-3.66841678313199
-3.82457329209147
-0.894736281517232
2.78865502761366
0.80013210103849
1.81807742165445
1.85313267916404
-0.0501508213225658
-0.0301958240095865
-0.246411001817695
1.78790410041555
-0.0390597986081354
1.43564993853824
0.896778821809606
0.782528760768337
-0.710993157111265
-0.683910797835951
1.36223024082611
0.604178294004875
-2.5440848289278
0.417994522879845
2.09816702199688
0.383416962028887
1.72147257335273
0.970992938138395
-1.00876088217352
-0.621084770397612
-0.830627393207518
-2.22782909963285
-0.686423659221187
-0.043746622075976
1.07032706799545
-0.156120592349013
-0.198608554682576
1.48872572498108
0.253276325192564
1.50595314948368
0.0628249160941728
0.128276788088513
-0.74445125016159
-0.34796556141414
-1.46044186169582
-2.95205706983502
-5.46337841609184
-3.63014809990417
-2.75995489667323
-1.03669664833975
-2.5685388712875
-2.66634978968177
-1.57967988972672
-3.17351664893721
-2.64151419218515
0.324473041853181
2.58174866773149
1.84741921505619
1.1522955782629
0.507765066178546
-1.53019838556396
-0.842271180302895
-2.20824109125119
-1.12134900888144
-1.35040579445766
-0.936196646771043
-2.45529025459255
-1.45156600679816
-2.23297658859211
-2.83154738426727
0.281175214568638
0.353657578883835
-1.74732186188649
-0.486439633046309
-1.67744874257446
0.65718952563968
-0.245532801139397
-0.423733848923759
-0.977824238443445
0.529497547192267
-1.29242281746821
-2.46444189331286
-0.759389026261685
-1.13939901199982
0.138700463848812
0.154597400422385
1.13682421582222
3.10597341941307
1.80878315810136
0.573342991765661
2.37969444342337
-0.769033256659771
-0.601156766314457
-1.56377701086498
-4.91606935630195
-4.71479135330858
-1.51964582070307
-2.94045847348215
-3.35301400448446
-3.19328436534948
-2.35761091168214
-3.00245645253083
-2.33725008710624
-2.27173759855173
-1.91761368280671
-1.5867017831264
0.960705163996391
3.10936675972291
-0.806520990258592
0.952465411493817
-2.18129475966495
-1.80629337224499
-1.96796697279395
-0.620195197321586
-2.67830010998428
-3.0427093620436
-2.43871351313855
-3.08280198322073
-3.95319101119057
0.956233086966785
1.51875546609151
0.941462564894618
0.233871887182687
-0.949147559472981
1.13581858937484
-0.109726710222894
-0.73833485520148
0.036454480236109
-2.10927288037757
0.267089489679384
1.63704374079909
-0.265276325797602
0.561691984816527
-0.25154188644675
-0.328706966947939
-1.28855519552501
1.646564131622
4.16050523565496
3.42255963568766
0.454687007464155
0.386080346742351
0.166787386688381
-0.564543209664944
-0.939077282766974
-1.80632620012395
-2.89528225352241
-1.11186891222355
-0.997168376773556
-1.25481332425645
-0.963563154551334
-0.966106924795489
-3.36412106135581
-2.5084637217627
-0.453873663875291
-2.06213651432264
-1.29811740724123
-1.68894545403877
1.33306042375463
-0.876285694168898
0.650022185940834
-2.730062516553
-0.5577432528735
-1.42479741121134
-1.20820091397003
-3.06877246021709
-2.95872269508364
-1.32257562784362
-2.54711625213864
-1.4467082269997
-2.55133556875825
-0.296479035270018
0.366813013009868
-0.978277065473821
1.85331494215932
1.40375374415423
1.45739450043718
-0.792521552785989
1.21512357162918
-0.0936585602429476
0.380879508659218
-0.0182086901762878
-0.0988458775212721
-1.37122680044118
-2.36943227522093
0.468127283732755
-0.265167256992503
1.08613358592319
0.595577030055508
4.13262009541575
1.31918796850988
0.427996173215088
1.96054519312079
-0.432785894985078
-1.3248958715256
-1.54126323059065
-1.89569949417367
0.430708711747124
-0.11033605358438
-0.790026796473029
-1.63586700102192
-1.3666007990362
0.483660818066806
1.06188385481616
0.82727993739588
-2.59276512837345
-2.87253727456039
-1.37531596818398
-0.550550147591893
0.492779323651009
-0.0742456219704378
-0.879630393327451
-0.69992146974145
-0.215742945550071
-3.52100035709354
-1.13913803587537
-2.6960065117959
-1.62122638812465
-1.81645347213857
-2.09384385821351
-1.91857382844105
-0.367111597485046
1.49324522888001
-0.362200709036198
-0.0954226114709677
0.905773886941664
-0.777957937284848
1.91517937250148
0.0714216366712947
-0.442609850417501
-0.0280345043591464
-0.133133570345673
-0.778919887945008
1.25355637723409
0.0767141506058528
-1.38105798096806
-2.81746021026237
-0.234837539878811
0.293520728117095
1.4658359081608
1.2544007435619
1.60259544989864
-0.29924080586231
1.78745928845278
0.0237317003717032
0.525728656278437
-0.905497837707021
-1.87265030422196
0.659692305351266
-0.711312543718519
0.536772644234072
-0.532826944660408
-0.230162940755146
1.92299144384394
0.527008456213988
-1.10954860285516
-1.68759774136792
0.14104339011581
-1.50982770282797
-1.43339033962713
-2.07396318095972
-3.14601577900336
0.339077547941299
0.383697488519614
-2.18372438016539
-2.01235919532969
-3.22230017442183
-3.46514366634548
-2.27137583282283
-4.80170463823194
-0.803812514386208
0.400406458283328
-0.0313110594853572
-0.320828757644542
0.440276257156549
0.796002929782683
0.143721280491264
1.229790038917
-2.31813231429392
-1.54754947935807
-0.44468583388955
-0.281841741855085
-2.50286607288119
-3.62657562043298
-1.82683693526281
-2.14006900962841
-3.57591243579131
-0.548067727787044
0.474614572618183
1.62951470394814
1.67604345104788
0.834470982052337
-0.20833987236301
-0.479346271142384
1.04039956987052
0.587528530029302
1.50098021176341
0.785116977911514
-0.579593024346944
-0.953037299771338
-1.42366731877559
-0.564729118318959
-0.798423464785874
-0.4553135414834
-1.28892456288755
-0.924288903590709
-0.444182697963777
-1.55151672888218
-2.06594543336426
-1.15080704484116
-3.85344163717281
-2.25270705344739
-1.37252279798137
-0.425980503161409
-1.14172048699944
-2.03594505583279
-3.52700211288787
-2.11108237295234
-2.20052015659106
-2.08937665731967
-2.11399871298578
-1.14148724734233
0.465647757806879
1.52681229668817
-2.01866023331525
-2.32523756059945
-2.0060553567749
0.636832047292327
-2.08096237057256
-0.434606199126105
-0.488207466724451
-0.121252137515614
-1.78135509738708
-3.19515132911936
-4.49620109603443
-3.26287144613555
-3.9336704563917
-1.63797629640521
-0.738670348347516
-0.591692304642071
1.51829727184755
1.23123846269039
0.403758036293292
1.62200354607739
1.38469426190245
1.65319240209668
1.09725618916918
-0.174916699274471
-0.580591080255009
-1.75657018141429
-1.007138735431
-1.67109249819624
0.154047309384809
-1.04426923062366
-0.209094123149521
-0.804916106935897
-4.23750273223114
-0.72841932020867
-2.9163395630388
-2.20335766986494
-2.91969013769948
-3.11621662108006
-2.03180665794398
-1.54962181370043
-0.115206210654659
-0.803570255522852
-2.74164400530403
-3.58018944009597
-2.53058983789611
-1.61169963196565
-0.971643199809702
0.222153180671348
0.751155761885707
-2.63407360348402
-5.10058755055607
-1.64532877836946
-0.672187968878455
-0.986321380613785
1.41901382447343
1.54751638341686
2.21835253658114
0.238513548069039
-2.50489641575914
-3.23875475428274
-3.96742749154106
-4.77207734434427
-4.15015070569293
-3.37885220160378
-1.38692937550115
-0.200737612824611
-0.924303601187287
-1.03825808934064
-0.419079202593845
-0.31152729582501
0.701560920128355
0.796492643174953
0.625785779472047
0.425453015180686
0.651754005672495
-2.0230296603886
-2.56741467787114
-2.53350361629867
-0.72836504096993
-3.49816737825747
-0.556743868944177
-2.03553915012012
-0.19302233897261
-1.78632723925505
-3.42635257633336
-3.89218921887934
-1.14896274052707
-5.13578246485599
-3.19197383278722
-1.24038515371221
-2.45598958366737
-0.756430270930231
-0.687304394563856
-4.51503713632214
-2.64756700213665
-1.03088578982566
-0.957977048364404
-2.3708601608044
-2.26372621511354
-2.75226495499643
-3.94659275233314
-1.60272283891616
-0.0539887180684381
-0.411623391323832
1.51545322982471
1.31931868849828
3.03692041163134
0.145762964522503
-1.85467240607085
-1.42562739713446
-1.90787258363549
-4.18941749335133
-3.45339354409503
-4.3230995399701
-0.989507427166192
0.393037229576169
1.10746617262435
0.763185969782934
-0.526151624294391
0.5940277232718
0.615607912536579
1.06564504000464
-0.13590050268265
-1.21806928152585
-1.2482393880255
-3.58418034439168
-2.64279660597354
-1.31063348638095
-2.19605828892614
-2.49818951768405
-1.69059430097125
-1.96359310861622
-0.757045107991746
-1.11238253934084
-4.12971726701466
-3.25583332961173
-2.43850960984363
-2.37594380756917
-2.71163111994609
-1.11098922521194
-2.08392944454953
-0.955897705404422
-1.90957173171903
-3.01283617712161
-1.21595975190403
-2.14997757841037
0.572584209938093
-1.77213674273536
-3.60837821673594
-1.51153201920044
-3.73999377028005
-2.30391274458802
-2.24058473693776
0.982904265949522
1.03677220733124
2.88159358167013
1.22061736064636
0.766045981037875
-1.10940686917224
0.0341159879985979
-0.121624912776544
-2.77902455277601
-1.93829758309694
1.10402846966784
-0.258303068096473
0.391153208195378
1.35665377788888
0.507582868951266
-0.94305089907546
1.43523497348161
2.4950100515592
1.21429136946064
1.03839362462864
2.00924004059987
0.245214933973741
-0.144525673928028
-2.67264172013968
-1.17375758884992
-1.31969032399694
0.293871566879603
0.287238738896683
0.463130888113416
0.419301368900839
-2.21876402738371
-2.0321664012586
-3.0292409544317
-1.64823076013982
-1.26567770919381
-2.22635179575103
-4.12994080950528
-1.15302519105994
0.202942426434867
-0.573628698959704
-1.79977330643281
-0.259382663361084
-1.81304390817138
-2.30848971006586
-4.02372480438474
-0.0594394227108529
-2.43861401891616
-1.20032652499492
-1.56752254165978
-1.76042680514353
0.0111553378696757
-0.149298941009733
1.98989249774931
0.592090105645233
-2.09479455045776
-1.58538148359943
0.471626495331213
-2.57162104889315
-2.21705722524316
-0.616407455742639
2.49850678013744
0.965235292430437
-1.88422964793471
-0.00581985314045985
-0.217143054867482
0.468674153204185
-1.15466772022495
1.09737945845134
2.01266786260559
1.45530113211574
0.682193404483774
1.77207006906499
-1.34903007846859
-2.10952892463085
-0.441269194702942
-2.14315128868765
-3.17048223509802
-1.35169121502976
-0.244927260584218
-0.457278584698216
-0.406954301321853
-3.65109135381912
-3.01618696174914
-1.86866160526512
0.502176586523106
-2.52348497008598
-2.23136576846615
1.37344005986233
-0.906372671098248
0.683108949504858
-0.380780913534144
1.02187624785277
1.22256229848409
-2.23972925383831
-2.5116632856237
-0.375957193512695
1.12098352898512
-1.60107394456198
-0.419100361452737
-2.41827065255781
-1.43806673312201
-1.08227283076463
0.318845268407202
-0.616083901747647
-2.13928189438647
-0.822983632766585
-2.10669299908151
-1.01464075605236
-1.51212651903208
0.468084509608626
-0.533640085551209
1.13611634524346
0.58247037736046
-0.738725888751083
0.809804870378429
-0.787455739266051
0.0282514498878166
2.86310359836316
3.12713336643961
3.24756507638989
-0.0495656511759752
0.461691927190019
2.08467183723049
0.189022760270457
-0.840005261683209
-1.56779036183112
-2.85455398377946
-1.94380685855713
-2.2875184156321
-1.17337895106676
-0.343635853922084
-3.02560714086775
-4.03624883827989
-1.78626190997454
1.35392704861097
-0.701176984386764
-1.08709126455196
0.154114310374658
0.483763883544702
-0.576234549998786
-0.696185643990057
0.128532563547241
1.04476975308527
-0.359426896248713
-0.902114873579673
-2.49391362804551
-0.404840518347842
-0.483223524462978
-0.886029000828982
-2.48679979312996
-1.00249753071601
-1.19760358976162
-0.712785286580331
-1.24516526169796
-3.08213846478555
-1.16572685657803
-0.67249933393112
-1.30034265051641
-2.3892784217901
-0.081718840211756
1.44028546022699
1.70030038833779
-0.691352961491474
-1.19351477295044
2.1085803836834
-0.332890473034026
1.1729244332123
0.615577561984293
1.38320431918976
-0.545400326161166
1.2611583912292
2.515309470034
0.137130542413908
1.42470391646673
0.0682768949246704
-1.06911487961533
-0.731921358952678
-1.27219012516326
-0.839493580791106
-2.03204783323624
-2.15663885335995
-1.97853929757619
-4.35027627982706
-3.47216628572325
1.19285676731401
-1.40686354653295
-1.80780419036568
1.14421803061164
1.28632217978132
0.668558656461946
-0.60934554672184
1.13171889659554
0.02793270081854
-0.48917648992326
-1.28725636402134
-0.1930634099855
-2.3134891402215
1.09245391987906
-1.12759883305678
-0.662783113087863
-0.241514249239171
-0.421649311099151
-0.541639031954956
-1.58979100816846
-1.69192539920937
-2.04820163661222
-0.502072843677651
-0.450576552436232
0.184984191798179
-2.01028087710238
0.980524903382063
1.2688535610749
0.433361400705064
-0.248588880388624
-2.18857757400063
-2.26331446892037
-2.03855407579998
-1.76001105967712
-1.47013929445678
0.904757282955897
-0.595346961859268
0.286394567564247
0.753604274362025
0.0181208619928353
-1.63626093523554
0.0242073642342781
-1.65681025644946
-1.7176586869601
-1.00269239897471
-0.793894022208884
-1.69406876615265
-2.37267771756096
-1.86327056296208
-3.35625923120221
0.926953310340041
-0.945828760126643
-0.504078110119325
1.96139864580406
1.82886234601191
0.853253675028962
-2.40163235059927
-0.210577338692146
-1.84509911198473
-0.404446476875604
-0.140331122099812
-0.819841170353412
-1.35735543822291
1.19646362831468
-2.25591407659391
-0.425497005505672
-1.28784536815702
-0.369284070605381
-2.39539128867498
-0.0836865230095172
0.41199596723787
0.715202850686543
-1.21593639263482
-1.3554856929568
-2.06815405332876
0.427882847098248
-0.039477010812568
0.522514908619614
2.20028809013084
-1.20206078704781
-1.56570084021014
-2.74519412279468
-2.08456987096502
-1.93578512947891
-0.898763558859182
-0.99370269278691
-0.901451294618143
-0.70919240486353
1.21707487204279
-0.540206900546619
2.80455739682877
0.848265786890205
-0.314733558344529
1.69471221786436
0.563154878578341
0.487205816637026
-0.79691907932121
-0.953870210420819
-1.55531632425075
-3.82306993365083
1.15096136351158
2.24448363299455
1.32526068268318
1.03900850228687
1.07438898451365
2.70006870734815
1.26471675534387
-2.21370686080634
-1.51730342402068
-0.722996947541908
0.48626451788686
-0.255733855867852
-1.31211502160176
-1.61290819634271
-2.82050580275411
-2.71329878380968
-0.68537537933154
0.260836493832301
-1.30362820483949
-3.11027153493804
1.38001028390218
1.78690308155083
1.59744385900207
-0.0973540286817521
2.35692588479409
2.15748307338267
1.11997037423638
-0.365115891952493
-0.126297382971074
-0.690649184278922
0.517104482663897
-1.06788902124377
-1.28979639016951
-0.884260833570355
-0.978676418457652
-2.00482420062098
0.785540201313367
2.95962706093455
2.19151903877442
2.2324191860925
-1.19614092366603
-1.05188092559018
0.678325113586624
4.69403324174362
1.07830029373172
0.404054912934451
0.314050535505752
-0.54424299330121
-2.52563265914846
-1.74492431925252
-0.481587617889553
1.98105423903749
3.08494492354987
1.71856982152357
1.3016494392103
0.479409510295984
-2.00291721833982
-1.85862956066053
-0.728397945396442
0.0479662984133482
0.123609617876883
-0.509432427479401
-2.74051467776586
-1.36073685536763
-0.797060682702752
-3.55636659300755
-3.55568261037132
-1.52475254118118
-2.31667501665465
-3.13143645264189
-1.6226304768319
1.05577205471064
-0.795119023306773
0.310700666133252
1.82443217403604
3.29382176489332
1.44556632082819
1.13731825881895
-1.50032345326954
-0.69826845317102
1.78195534482606
0.500539739001195
-0.907764090702258
-0.0576798074236632
0.699495211397226
-0.200727116344006
0.352364303823714
2.48242587035958
1.71621053615446
-0.139698574391488
0.854277610592935
-0.663313498274872
2.79404748618798
2.6378186228352
1.98269155454102
1.94165914300135
0.561583839130621
0.116175262563042
-3.15417527619185
-3.04719644768333
1.05818581520044
1.03374904287974
0.330882821556278
2.28813512347196
3.41931609718354
0.987160580491444
-1.3354067464078
-0.825499425697209
-0.0718132221879352
1.50855856426738
0.735553757044306
0.760706990773289
-0.260415895053521
-0.516089704933993
-3.68693135052339
-3.17006180233971
-3.00329612763348
-1.70834123818997
-2.38162152479657
-2.77574673160113
-3.83822722105284
-1.5283821882619
1.0370625681636
0.803045461165229
2.23854474090991
0.63482004172895
1.52199208341649
-0.116383268195717
-1.25788067822336
-0.080430284985929
0.205233216264048
0.378292530226732
0.622769285515053
2.01055144903679
2.50384866113691
1.61298282903545
3.1058036046575
2.28859694652567
1.80633353650489
1.86906382358007
1.21104676680407
0.450974484364858
0.996340985285989
2.22315786842074
2.05240403448822
3.0999315305146
-0.357207548005487
-1.13453994838744
-0.61506994490977
-1.77609372129156
-1.07157968757777
1.36006737539265
3.38050529110248
4.03718839683051
2.55857377294235
3.04247660673026
0.19821933263679
0.846399331436966
0.925860594003136
0.728087652259979
-0.539023789380781
-0.257179941662171
-0.411439781559777
-4.76280631350556
-2.13379739433542
-4.62805456778848
-4.44265712918431
-2.56879440166898
-1.97148141741437
-3.05810905008782
-2.8746094064917
-0.161374160220292
1.15363847985496
0.729062076989098
-0.706024461308878
1.68957408767101
1.46826169518608
0.159207505265617
-1.58523680687711
-0.518216405724235
1.59459571607777
1.9539847537216
3.97214870068925
4.36965229652512
2.33155103642949
4.68485237707609
3.62296821061166
2.2984449913057
2.12972615325282
3.11869346609921
0.694019994877028
0.575432225561375
0.18667034314195
3.3089729291516
2.84646492018055
2.74846163120173
1.446006341921
0.554392340549965
0.450177386566583
-1.37692488843751
-1.9886056125465
1.99398075412297
0.812009347673496
2.71981626245924
1.79137633122912
1.20818319575204
1.87846420259775
3.80348697886379
1.1917089582803
0.951716791519465
0.276304567209778
-1.41627828148069
-0.444752329880785
-1.7865870013989
-0.918906286643818
-3.61733463764449
-2.49444549141199
-1.88846982464441
-3.30321455894361
-0.803833302133147
-2.42770786016764
-1.48070990422591
1.17945586386991
-1.33462124987218
1.22645090556725
-0.493492235069255
0.259399259242286
-0.219884229607165
-1.77706793708765
-1.1427943942327
-0.485981245855446
2.40616442896526
3.13114823248554
3.28220199675442
3.28447580079089
4.09803908809099
2.37337375384323
2.13259262756094
0.740463746578769
1.18629387967312
2.28597143995373
3.06141468118083
2.53101950520684
2.69685858503964
3.11314870213491
2.65031827334596
1.35121226766019
0.628512815283046
-1.2372307864945
0.332698434304772
0.103294205883758
0.0834558174141814
0.685112680284897
-1.35745598945259
-2.07941114756069
-0.691055324671543
0.625250873936879
0.678681409907448
1.80177048637979
-0.63026405949247
-1.14866605538577
-1.29334034383052
-0.508909024010461
-2.3095711599286
0.387200488301175
-2.34550116039845
-1.61985362812548
-3.09416246694784
0.66401645151132
-2.11783759346256
0.0873610238053564
-2.85322346703785
-1.52321542680763
2.58854331028322
0.00711735353402631
-1.41528945715582
-0.258718103804276
-0.4251025710139
1.51883472230211
0.186893851925442
-1.00843756983348
1.19657059126446
1.27422202452055
3.43438789946924
4.46591538939127
1.08640744748498
2.32238254133444
2.71989892801609
0.0370669151285036
1.62226235384465
1.12247562016176
0.70759801204727
3.25053629863119
1.45789868437382
1.02750988714006
1.26334407271925
1.61228798978133
2.19212717004357
2.14598602900655
-0.746072465052631
-1.37448953578135
-2.05402795363914
-0.463509848014727
-1.7947338502638
-3.82533893326534
-0.99577000409527
-0.281515777825283
1.36136872217648
1.53544435863154
-0.326259488241934
-0.237095165550328
-0.185515488629934
1.0564629346271
-1.20432244230722
-1.8786750645957
-0.588180171915363
-0.292903813330543
-1.23066568192104
-0.430192743616528
-1.8575704479797
-1.62564423576121
-0.337876315322659
1.62261596627339
0.260631397105794
-2.09378165309347
0.0308028200672181
-0.21958826226715
-1.86660995004321
2.263802193678
-0.860226831415878
2.55168976592432
-0.276098050291662
-1.24108964832075
-0.485374376037869
-0.116873235182849
2.63921387150422
1.26306632034675
2.90285652526474
0.704808632626478
1.80959391256819
1.94014258143507
3.29460813060889
0.173098149676383
2.1757758789051
0.160465581475479
-0.133814519997946
-2.09807700928431
-0.950945708456931
0.646164393586688
1.43522359186631
-0.211479716281959
-2.18918599717241
-1.38588661378826
-1.74684794175423
-0.51329629554078
-1.4811555532352
2.13151979095526
1.41453142091024
2.23220550210128
1.669497866016
-0.808625150184798
-0.813683214857375
0.196427053803658
-1.81790511870976
-1.12558419816504
-3.82284577550553
-2.6492022768524
-2.97501609718934
-1.86576968939461
-0.479681002905373
-0.43442835131005
-0.649619088267564
-1.14878433570245
-2.30804224541343
-0.380668989560405
0.00919414486586156
-1.00304665798098
-2.18806339492089
-1.18681837206564
-1.21578129794559
-1.22699183029212
-0.136863259483878
-0.539634170748064
-1.04633714007346
1.37282239742063
0.24195936778567
3.29220597476925
1.60406994892736
1.26180700680509
1.34655986100564
0.666053780596475
0.999842288508972
1.73535844918552
-0.684462403708605
0.0769811794490507
-1.86503758869665
-1.33233295852311
-1.15104137769448
-1.95604364201995
-0.831457957345562
0.464690825419992
-2.03350811324887
-3.15981160279585
-0.84348837690729
-0.835428926508869
-0.375538185717679
1.71875296359438
3.0911279068241
1.27934795682373
-1.2573314873093
-1.78178924760273
-1.16995469984634
-1.28273098915023
-0.920018543017497
-0.686760235612895
-1.58876498432154
-1.98639677482544
-1.78365474304371
-0.752155984344361
-0.882259993949784
-0.415784222577132
-1.14053064735687
-1.300886827615
-2.02503160478105
-0.198106815763891
-0.90453075145772
-2.01717764732276
-3.91890738769658
-3.24880154849101
-2.03941746926769
-1.67272487656953
0.448686043380769
1.25193147332471
-1.18561847785527
1.8383305858159
0.550327743516806
1.25288896821975
0.49868042644237
1.03136949820548
1.3104614127065
-0.609934831325075
-1.60095941699791
-0.440927804613511
-0.576672807386373
0.0744776140295705
0.341465087481903
-3.91773826985368
-2.71831914794984
-2.00994386929064
-0.735576892334005
-0.112031588995145
-3.35274839179316
-4.65364147911919
-0.719433370864746
0.661696051013218
2.46572412342665
2.88449732864339
4.83360803544554
0.712690444004075
1.37934461970659
0.213306072470006
-0.66913587324023
-0.714114808869776
-2.16264628546436
-0.670716542965652
0.0556635610837677
-1.53827839624489
-1.91357744213141
-2.4063966181642
-1.04900588912113
-1.81178747401175
0.638198080887076
-2.17952071016921
-2.78237667228112
-1.1194930849283
-3.25367686259745
-0.515976608172805
-2.56574408596309
-5.97697779536095
-5.12271100073001
-0.205595277509549
0.243954776186849
-0.824358292502191
0.160413574928966
-0.813527444385078
-2.16334220385173
0.58572394377623
1.20478422523957
-0.54410395643858
-1.5716859851335
-2.2333167247561
-0.409957004664805
0.882156778192998
0.397977315435308
-0.231610068559875
-1.68118871752866
-3.05830534690679
-3.51119009172813
-4.5171673870063
-3.07703545469405
-1.6449052199242
-1.61542728274685
-1.27843373150891
0.0556045497448274
-1.49482946370467
2.34660380440633
3.8703895933644
4.07463647823004
3.58292855177658
-0.401991660804991
-0.683725267747416
-1.04800654670574
-1.42237227102636
-1.08140551971265
-0.299561903114592
0.549952868752463
-0.358414026359169
-0.168902076066258
-0.965208779007929
-1.55663668711048
-2.1448526741459
-2.70663093866598
-1.04950250314315
-2.72361006214482
-2.18104166653119
-1.85871806998981
-2.87447074443792
-3.07263160408163
-4.02984927605321
-1.83308370774776
-0.264800202662089
0.0258129982682727
-0.943440441242137
-0.829315417593925
-0.768057775404433
-0.779897938102659
-0.913958110086216
-0.439141950043946
-2.19029479181243
-1.89386975537342
-0.910639707563779
0.011663295974015
-0.517636093923587
-0.856716313355701
-1.60128429380641
-3.31880613373163
-5.69598597909944
-4.82799061434274
-5.53760099488168
-4.51023778962417
-1.68068242641743
-3.2598871222563
-0.159349098280388
0.921224773957432
0.377253675310234
1.68951350476139
2.68085331450128
3.47177685206808
3.41620100848648
3.85751141271919
0.508444178436649
-0.0343107630103362
-0.360865103393748
0.363046965533897
-0.900229129035705
-0.578187236618842
1.22615140586772
0.415582960093403
0.0528240029660831
-2.74012505319296
-0.328492204807879
-1.70573052714694
0.32828889347807
-2.98976763131635
-4.30099945769435
-2.2186075948296
-1.67088833174089
-2.06124441090881
-3.73362082959854
-2.73733113920539
-1.94477060677148
0.605526001294366
0.142925732323884
0.198187280742941
-0.422029455044423
-1.56200304065849
0.447767370416905
-1.73949497131268
-4.94841977315853
2.50350078245566
-1.40227872629546
-1.48492621604446
-2.76950533985197
-4.60317248755984
-3.76131864851977
-3.45193111876431
-3.30807819703958
-3.01789191846746
-4.18881919893398
-3.94613712923852
-0.365720635076614
-0.0727937117230162
0.798489920162104
1.44478640981942
-0.0784600882753733
1.39501884168259
2.87140604663245
2.70677475003806
3.51799500096466
-0.186091333861844
1.01119343834178
0.42200117105092
-0.200405161993807
0.463987673455729
1.34184043204034
0.262231807988441
0.54608829898831
1.34088921396119
0.744839352253295
-1.39302874818108
0.413216837461642
0.193038251684781
-1.17524366917769
-2.15739032762578
-0.861539727261784
-1.86805229977698
-1.43748034389877
-4.38281353869104
-2.01327010784888
-1.47893232602031
0.0630737920407042
-0.00812127573946437
1.1148302188065
-0.13338309230768
0.682367852491765
0.0298058591980465
-0.227062778939344
-2.26184927681512
-0.972654085477309
-0.816244754451493
-0.370766569557439
-2.63766499846342
-2.19505284628112
-2.81661390819487
-3.35856111601517
-3.93178760443157
-3.51046488585519
-6.25136472738028
-6.45282120313529
-5.14359779793911
1.1636618662718
-0.17340276437979
0.601998499919682
0.620146043209657
1.67691615926194
-0.222751684710316
2.95296139095197
1.68238612376265
1.03966697726988
-1.82954961562248
0.275415077143427
0.829082715311516
-0.0482848673097148
1.11196375271202
0.762289525783003
0.665721125301489
0.76893686614635
1.06534896130158
-1.35699410107673
-2.63510383159112
-0.713497119061246
-0.285194616721732
-1.72562627869766
-0.337100635797081
-1.48069028645443
-2.21734484807507
-1.87017739255975
-3.03386684256886
-2.44033525809692
0.479886906296446
1.22496217541523
1.39269340630894
1.44815273677858
0.90181633068786
1.33081266197349
-0.691346725842568
1.00664332704197
-0.561440529045171
1.48032116522824
0.622239746223106
-3.00551504794413
-2.12435902064009
-2.24330271486543
-3.95712469383256
-5.94614160536281
-5.91979069447836
-3.6149397991811
-3.25072700914573
-7.02220129286156
-6.63510746256016
